1 0.09619140625 0.36865234375 0.0517578125 0.06884765625
1 0.22900390625 0.40087890625 0.0498046875 0.0595703125
1 0.43212890625 0.4345703125 0.0439453125 0.04052734375
1 0.35302734375 0.4541015625 0.04541015625 0.0390625
1 0.47900390625 0.48291015625 0.0419921875 0.046875
1 0.5068359375 0.5107421875 0.046875 0.06103515625
1 0.5439453125 0.5419921875 0.0419921875 0.046875
1 0.5048828125 0.5625 0.04541015625 0.0546875
1 0.47509765625 0.5927734375 0.04052734375 0.0419921875
1 0.4423828125 0.6640625 0.04052734375 0.0517578125
1 0.39697265625 0.6845703125 0.0419921875 0.05615234375