1 0.88525390625 0.3203125 0.0439453125 0.06396484375
1 0.7568359375 0.36865234375 0.0439453125 0.0546875
1 0.5595703125 0.4267578125 0.04052734375 0.0361328125
1 0.640625 0.43603515625 0.0419921875 0.0361328125
1 0.5185546875 0.48046875 0.03759765625 0.0419921875
1 0.49462890625 0.51171875 0.04052734375 0.0576171875
1 0.4619140625 0.5478515625 0.03759765625 0.0419921875
1 0.5029296875 0.5625 0.0390625 0.0498046875
1 0.5361328125 0.58984375 0.0361328125 0.0390625
1 0.5771484375 0.6552734375 0.0361328125 0.046875
1 0.625 0.67041015625 0.0361328125 0.05322265625