1 0.09130859375 0.3828125 0.05322265625 0.0703125
1 0.2255859375 0.4111328125 0.0517578125 0.06103515625
1 0.4296875 0.4365234375 0.04541015625 0.04052734375
1 0.3515625 0.45849609375 0.046875 0.04052734375
1 0.47802734375 0.4833984375 0.0439453125 0.046875
1 0.5068359375 0.51025390625 0.04833984375 0.0625
1 0.54541015625 0.54052734375 0.0419921875 0.046875
1 0.5068359375 0.5625 0.046875 0.05615234375
1 0.47802734375 0.59375 0.04052734375 0.0439453125
1 0.4482421875 0.66552734375 0.0419921875 0.0517578125
1 0.4033203125 0.6875 0.0439453125 0.05615234375