1 0.875 0.30078125 0.04052734375 0.0625
1 0.75 0.35546875 0.04052734375 0.05322265625
1 0.5556640625 0.42333984375 0.0390625 0.0341796875
1 0.63671875 0.4287109375 0.04052734375 0.0341796875
1 0.51806640625 0.4794921875 0.0361328125 0.04052734375
1 0.4951171875 0.51171875 0.0390625 0.05615234375
1 0.4638671875 0.54931640625 0.0361328125 0.04052734375
1 0.50634765625 0.5625 0.0361328125 0.04833984375
1 0.54052734375 0.58740234375 0.0341796875 0.0361328125
1 0.5849609375 0.6513671875 0.0341796875 0.04541015625
1 0.6337890625 0.6630859375 0.0341796875 0.0517578125