1 0.1689453125 0.4619140625 0.17041015625 0.1220703125
1 0.32568359375 0.46728515625 0.1123046875 0.0751953125
1 0.328125 0.6357421875 0.13134765625 0.0986328125
1 0.71240234375 0.5751953125 0.1328125 0.09228515625
1 0.2861328125 0.6748046875 0.1845703125 0.1298828125
1 0.47021484375 0.65625 0.0498046875 0.046875
1 0.5078125 0.6845703125 0.125 0.11083984375
1 0.38037109375 0.734375 0.0751953125 0.04541015625
1 0.3955078125 0.74853515625 0.05322265625 0.02978515625
1 0.3564453125 0.7900390625 0.05322265625 0.02978515625
1 0.35009765625 0.8115234375 0.0859375 0.0341796875
1 0.31494140625 0.8525390625 0.0439453125 0.0185546875
1 0.3544921875 0.8525390625 0.04833984375 0.01708984375
1 0.3583984375 0.89208984375 0.09375 0.04833984375
1 0.24365234375 0.92822265625 0.046875 0.0185546875
1 0.2080078125 0.94140625 0.0419921875 0.0205078125