1 0.81396484375 0.38818359375 0.1533203125 0.0888671875
1 0.66259765625 0.4287109375 0.10302734375 0.05322265625
1 0.6982421875 0.59375 0.11865234375 0.0751953125
1 0.31005859375 0.62109375 0.1201171875 0.0673828125
1 0.74755859375 0.62255859375 0.1669921875 0.09375
1 0.56396484375 0.6455078125 0.0439453125 0.03759765625
1 0.53369140625 0.68115234375 0.10791015625 0.08740234375
1 0.66943359375 0.70166015625 0.0703125 0.03125
1 0.65771484375 0.71875 0.0498046875 0.0185546875
1 0.70556640625 0.75 0.0517578125 0.0185546875
1 0.71630859375 0.7705078125 0.08447265625 0.015625
1 0.75927734375 0.8017578125 0.0439453125 0.00927734375
1 0.72119140625 0.81103515625 0.04833984375 0.00634765625
1 0.7255859375 0.85009765625 0.0888671875 0.0283203125
1 0.84619140625 0.859375 0.04541015625 0.00927734375
1 0.8837890625 0.8642578125 0.04052734375 0.0126953125