1 0.78125 0.3203125 0.17041015625 0.1220703125
1 0.64208984375 0.39453125 0.1123046875 0.0751953125
1 0.7138671875 0.546875 0.1328125 0.10009765625
1 0.34228515625 0.6611328125 0.1328125 0.09228515625
1 0.7685546875 0.56396484375 0.1845703125 0.1298828125
1 0.59521484375 0.62744140625 0.0498046875 0.046875
1 0.5732421875 0.6689453125 0.125 0.11083984375
1 0.7099609375 0.65869140625 0.0751953125 0.046875
1 0.703125 0.67724609375 0.05322265625 0.02978515625
1 0.75634765625 0.69775390625 0.05322265625 0.02978515625
1 0.77197265625 0.71484375 0.0859375 0.0341796875
1 0.8203125 0.7353515625 0.0439453125 0.0185546875
1 0.78515625 0.7529296875 0.04833984375 0.01708984375
1 0.79833984375 0.79052734375 0.09375 0.04833984375
1 0.91796875 0.7724609375 0.046875 0.0185546875
1 0.95556640625 0.7685546875 0.0419921875 0.0205078125