1 0.1806640625 0.40478515625 0.15771484375 0.0966796875
1 0.33447265625 0.4375 0.1064453125 0.0576171875
1 0.30712890625 0.60400390625 0.1220703125 0.0810546875
1 0.6962890625 0.61083984375 0.12353515625 0.0732421875
1 0.25927734375 0.63525390625 0.171875 0.10302734375
1 0.44384765625 0.6484375 0.04541015625 0.04052734375
1 0.4755859375 0.6826171875 0.1123046875 0.09375
1 0.34130859375 0.7099609375 0.07177734375 0.0341796875
1 0.35400390625 0.7265625 0.0517578125 0.02197265625
1 0.3076171875 0.76025390625 0.0517578125 0.0205078125
1 0.2978515625 0.78125 0.08447265625 0.0205078125
1 0.2568359375 0.81494140625 0.0439453125 0.0107421875
1 0.29541015625 0.82177734375 0.04833984375 0.00927734375
1 0.29296875 0.86181640625 0.0908203125 0.03271484375
1 0.17333984375 0.87744140625 0.04541015625 0.0126953125
1 0.1357421875 0.8837890625 0.04052734375 0.01416015625