1 0.5322265625 0.3701171875 0.03271484375 0.02490234375
1 0.95849609375 0.2822265625 0.0126953125 0.02978515625
1 0.46240234375 0.38916015625 0.04833984375 0.0595703125
1 0.7568359375 0.3271484375 0.03271484375 0.02978515625
1 0.3330078125 0.4716796875 0.0341796875 0.0341796875
1 0.18896484375 0.54150390625 0.01708984375 0.03125
1 0.50927734375 0.4931640625 0.0263671875 0.0576171875
1 0.3486328125 0.52978515625 0.0390625 0.0283203125
1 0.1123046875 0.61865234375 0.02490234375 0.0234375
1 0.8203125 0.48583984375 0.03759765625 0.04833984375
1 0.7490234375 0.53662109375 0.0361328125 0.0390625
1 0.67724609375 0.5703125 0.02197265625 0.0546875
1 0.92724609375 0.5380859375 0.03271484375 0.0390625
1 0.64208984375 0.66162109375 0.0341796875 0.03125
1 0.3828125 0.734375 0.0361328125 0.02490234375
1 0.68212890625 0.68115234375 0.02978515625 0.046875
1 0.2060546875 0.890625 0.0341796875 0.0263671875
1 0.56494140625 0.8154296875 0.03125 0.0205078125
1 0.86572265625 0.76171875 0.0205078125 0.0517578125
1 0.4033203125 0.86474609375 0.0341796875 0.03759765625
1 0.8447265625 0.8037109375 0.0263671875 0.0517578125
1 0.10791015625 0.98291015625 0.0185546875 0.0283203125
1 0.44140625 0.96728515625 0.015625 0.0234375
1 0.0771484375 0.2060546875 0.0341796875 0.06884765625
1 0.57568359375 0.11474609375 0.02197265625 0.0283203125
1 0.71484375 0.0927734375 0.03759765625 0.06884765625
1 0.50390625 0.01025390625 0.0234375 0.0205078125
1 0.8857421875 0.1044921875 0.02978515625 0.05322265625
1 0.04296875 0.28662109375 0.02197265625 0.04052734375
1 0.4150390625 0.2255859375 0.0439453125 0.0361328125
1 0.3642578125 0.04052734375 0.0419921875 0.03125
1 0.3173828125 0.29296875 0.0341796875 0.0341796875
1 0.28759765625 0.30712890625 0.0419921875 0.02978515625
1 0.3251953125 0.3017578125 0.0361328125 0.02978515625
1 0.6201171875 0.2509765625 0.0341796875 0.03125