1 0.5673828125 0.38427734375 0.02978515625 0.02197265625
1 0.99755859375 0.41650390625 0.0048828125 0.02978515625
1 0.49462890625 0.3828125 0.0419921875 0.05615234375
1 0.79443359375 0.40478515625 0.02978515625 0.0263671875
1 0.3466796875 0.4267578125 0.03125 0.03125
1 0.18994140625 0.4541015625 0.01416015625 0.02978515625
1 0.5107421875 0.49609375 0.0185546875 0.05615234375
1 0.34619140625 0.48681640625 0.03759765625 0.02490234375
1 0.0947265625 0.5078125 0.0234375 0.0205078125
1 0.8115234375 0.5751953125 0.03271484375 0.04541015625
1 0.72900390625 0.60400390625 0.03125 0.0361328125
1 0.65087890625 0.6162109375 0.015625 0.05322265625
1 0.89990234375 0.65478515625 0.0283203125 0.0361328125
1 0.59228515625 0.6943359375 0.03125 0.0283203125
1 0.32275390625 0.69287109375 0.0341796875 0.02197265625
1 0.625 0.72412109375 0.02490234375 0.0439453125
1 0.109375 0.79443359375 0.03271484375 0.02197265625
1 0.47509765625 0.8212890625 0.02978515625 0.015625
1 0.77880859375 0.8525390625 0.0126953125 0.0517578125
1 0.30615234375 0.82421875 0.02978515625 0.0341796875
1 0.74755859375 0.88671875 0.0205078125 0.0498046875
1 0.31494140625 0.9326171875 0.0126953125 0.02197265625
1 0.1748046875 0.1015625 0.0263671875 0.0673828125
1 0.6787109375 0.15087890625 0.0185546875 0.02490234375
1 0.81884765625 0.16796875 0.0283203125 0.0654296875
1 0.640625 0.0244140625 0.0185546875 0.03271484375
1 0.9794921875 0.2265625 0.02197265625 0.0517578125
1 0.11962890625 0.1689453125 0.01708984375 0.0390625
1 0.49365234375 0.21337890625 0.04052734375 0.03125
1 0.49609375 0.02099609375 0.04052734375 0.0263671875
1 0.94921875 0.05322265625 0.0263671875 0.0341796875
1 0.38134765625 0.2509765625 0.02978515625 0.02978515625
1 0.3486328125 0.25634765625 0.0390625 0.02490234375
1 0.38671875 0.2607421875 0.03271484375 0.0263671875
1 0.6845703125 0.2939453125 0.03125 0.0283203125