1 0.5751953125 0.38916015625 0.03125 0.0234375
1 0.5029296875 0.3828125 0.04541015625 0.0576171875
1 0.80078125 0.42578125 0.03125 0.0283203125
1 0.3525390625 0.41650390625 0.03271484375 0.03271484375
1 0.19384765625 0.4326171875 0.015625 0.03125
1 0.51171875 0.4970703125 0.02197265625 0.0576171875
1 0.3466796875 0.4755859375 0.03759765625 0.0263671875
1 0.09521484375 0.4794921875 0.02490234375 0.02197265625
1 0.80615234375 0.5966796875 0.0341796875 0.046875
1 0.72119140625 0.61962890625 0.03271484375 0.03759765625
1 0.64208984375 0.62646484375 0.0185546875 0.0546875
1 0.88818359375 0.68212890625 0.03125 0.03759765625
1 0.578125 0.7001953125 0.03271484375 0.02978515625
1 0.31005859375 0.6796875 0.0361328125 0.0234375
1 0.609375 0.73193359375 0.0283203125 0.04541015625
1 0.08984375 0.7666015625 0.0341796875 0.0234375
1 0.453125 0.81884765625 0.03125 0.01708984375
1 0.75390625 0.87109375 0.015625 0.0517578125
1 0.2841796875 0.8095703125 0.03125 0.0361328125
1 0.72021484375 0.9033203125 0.0234375 0.0498046875
1 0.28515625 0.9189453125 0.015625 0.0234375
1 0.203125 0.07958984375 0.03125 0.0673828125
1 0.7021484375 0.1640625 0.0205078125 0.0263671875
1 0.8408203125 0.19140625 0.03271484375 0.0673828125
1 0.67333984375 0.03515625 0.02197265625 0.03271484375
1 0.9921875 0.2607421875 0.015625 0.05322265625
1 0.1435546875 0.14306640625 0.0185546875 0.04052734375
1 0.51318359375 0.21337890625 0.0419921875 0.0341796875
1 0.52978515625 0.02197265625 0.04052734375 0.0283203125
1 0.9794921875 0.0849609375 0.02978515625 0.0361328125
1 0.3994140625 0.2431640625 0.03271484375 0.03271484375
1 0.3662109375 0.24609375 0.04052734375 0.0263671875
1 0.40380859375 0.25390625 0.0341796875 0.0283203125
1 0.6982421875 0.30712890625 0.03271484375 0.02978515625