1 0.58203125 0.39453125 0.03271484375 0.02490234375
1 0.5107421875 0.3837890625 0.04833984375 0.0595703125
1 0.8056640625 0.44677734375 0.03271484375 0.02978515625
1 0.3583984375 0.40625 0.0341796875 0.0341796875
1 0.19921875 0.41162109375 0.01708984375 0.03125
1 0.51171875 0.49755859375 0.0263671875 0.0576171875
1 0.34912109375 0.4658203125 0.0390625 0.0283203125
1 0.09765625 0.45166015625 0.02490234375 0.0234375
1 0.79833984375 0.6181640625 0.03759765625 0.04833984375
1 0.71240234375 0.63427734375 0.0341796875 0.0390625
1 0.6328125 0.6357421875 0.02197265625 0.0546875
1 0.875 0.70947265625 0.03271484375 0.0390625
1 0.56396484375 0.70556640625 0.0341796875 0.03125
1 0.2978515625 0.66650390625 0.0361328125 0.02490234375
1 0.5927734375 0.7392578125 0.02978515625 0.046875
1 0.07275390625 0.7373046875 0.0341796875 0.0263671875
1 0.4306640625 0.81396484375 0.03125 0.0205078125
1 0.7275390625 0.8876953125 0.0205078125 0.0517578125
1 0.26318359375 0.7939453125 0.03271484375 0.0390625
1 0.69140625 0.91796875 0.0263671875 0.0517578125
1 0.25634765625 0.90234375 0.015625 0.0234375
1 0.2333984375 0.06005859375 0.0341796875 0.06884765625
1 0.7255859375 0.1787109375 0.02197265625 0.0283203125
1 0.86181640625 0.2158203125 0.03759765625 0.06884765625
1 0.70556640625 0.04833984375 0.0234375 0.0341796875
1 0.16943359375 0.11865234375 0.02197265625 0.04052734375
1 0.53369140625 0.21484375 0.0439453125 0.0361328125
1 0.5625 0.02490234375 0.0419921875 0.03125
1 0.9951171875 0.11865234375 0.00927734375 0.03759765625
1 0.4169921875 0.23681640625 0.0341796875 0.0341796875
1 0.38427734375 0.2373046875 0.0419921875 0.02978515625
1 0.4208984375 0.24755859375 0.0361328125 0.02978515625
1 0.7109375 0.3212890625 0.0341796875 0.03125