1 0.5546875 0.37744140625 0.02978515625 0.0205078125
1 0.9892578125 0.36474609375 0.0078125 0.02978515625
1 0.48291015625 0.38427734375 0.04052734375 0.0546875
1 0.78369140625 0.3740234375 0.02978515625 0.02490234375
1 0.33984375 0.44287109375 0.02978515625 0.02978515625
1 0.1865234375 0.48681640625 0.0126953125 0.02978515625
1 0.5107421875 0.4951171875 0.01708984375 0.05615234375
1 0.34521484375 0.5029296875 0.0361328125 0.0234375
1 0.09765625 0.5498046875 0.02197265625 0.0205078125
1 0.81787109375 0.5419921875 0.03125 0.0439453125
1 0.7392578125 0.5791015625 0.02978515625 0.0341796875
1 0.66259765625 0.60009765625 0.0126953125 0.05322265625
1 0.9140625 0.6123046875 0.0283203125 0.0341796875
1 0.61181640625 0.68359375 0.02978515625 0.0263671875
1 0.34375 0.7099609375 0.0341796875 0.0205078125
1 0.6474609375 0.7099609375 0.0234375 0.0439453125
1 0.14306640625 0.83349609375 0.03125 0.0205078125
1 0.5087890625 0.82177734375 0.02978515625 0.015625
1 0.81494140625 0.8212890625 0.0107421875 0.0517578125
1 0.34130859375 0.84228515625 0.0283203125 0.0341796875
1 0.78662109375 0.8583984375 0.0185546875 0.0498046875
1 0.02978515625 0.9072265625 0.01416015625 0.0263671875
1 0.36083984375 0.9501953125 0.0126953125 0.02197265625
1 0.13525390625 0.1376953125 0.0234375 0.0654296875
1 0.6416015625 0.1337890625 0.0185546875 0.02490234375
1 0.7822265625 0.13671875 0.0263671875 0.0654296875
1 0.5888671875 0.01416015625 0.0185546875 0.0283203125
1 0.9482421875 0.17822265625 0.0205078125 0.0517578125
1 0.08740234375 0.2099609375 0.015625 0.0390625
1 0.46337890625 0.21484375 0.0390625 0.02978515625
1 0.4462890625 0.0244140625 0.0390625 0.02490234375
1 0.89990234375 0.0126953125 0.02490234375 0.02490234375
1 0.35546875 0.26416015625 0.02978515625 0.02978515625
1 0.32421875 0.2734375 0.0390625 0.0234375
1 0.3623046875 0.2744140625 0.03271484375 0.02490234375
1 0.66162109375 0.27587890625 0.02978515625 0.0283203125