1 0.609375 0.27734375 0.0576171875 0.15625
1 0.72802734375 0.40478515625 0.0576171875 0.0751953125
1 0.5625 0.43994140625 0.0517578125 0.125
1 0.5400390625 0.56640625 0.04833984375 0.1142578125
1 0.49365234375 0.6201171875 0.04052734375 0.1015625
1 0.3994140625 0.66943359375 0.0361328125 0.0654296875
1 0.80078125 0.7255859375 0.0517578125 0.0654296875
1 0.53271484375 0.79443359375 0.0439453125 0.0654296875
1 0.58984375 0.88134765625 0.0439453125 0.05615234375
1 0.66259765625 0.9443359375 0.0439453125 0.0517578125
1 0.61865234375 0.12255859375 0.05615234375 0.14990234375