1 0.4931640625 0.3017578125 0.02978515625 0.00927734375
1 0.4482421875 0.30322265625 0.02978515625 0.0078125
1 0.52978515625 0.31640625 0.03125 0.00927734375
1 0.43505859375 0.32958984375 0.03125 0.00927734375
1 0.5625 0.3349609375 0.0263671875 0.0078125
1 0.59130859375 0.3388671875 0.0263671875 0.0078125
1 0.6162109375 0.34521484375 0.0263671875 0.00927734375
1 0.42041015625 0.34521484375 0.03125 0.00927734375
1 0.40625 0.3642578125 0.0263671875 0.00927734375
1 0.65478515625 0.3662109375 0.02490234375 0.00927734375
1 0.39208984375 0.3818359375 0.0263671875 0.0078125
1 0.375 0.3994140625 0.02490234375 0.0078125
1 0.2255859375 0.6787109375 0.01708984375 0.0078125
1 0.4599609375 0.28759765625 0.02978515625 0.00927734375