1 0.2548828125 0.3330078125 0.04833984375 0.00927734375
1 0.31005859375 0.3486328125 0.05322265625 0.01416015625
1 0.4599609375 0.37646484375 0.05322265625 0.02197265625
1 0.3388671875 0.3994140625 0.0341796875 0.0126953125
1 0.0673828125 0.4287109375 0.04541015625 0.0126953125
1 0.3388671875 0.43505859375 0.02197265625 0.00927734375
1 0.04052734375 0.4482421875 0.01708984375 0.0078125
1 0.0712890625 0.45458984375 0.02197265625 0.00927734375
1 0.09228515625 0.21728515625 0.0625 0.02490234375
1 0.3544921875 0.23681640625 0.0673828125 0.0263671875
1 0.265625 0.28125 0.0439453125 0.0205078125
1 0.9267578125 0.30078125 0.0986328125 0.02197265625