1 0.44384765625 0.82666015625 0.0654296875 0.0341796875
1 0.15234375 0.8896484375 0.0517578125 0.03125
1 0.94775390625 0.7861328125 0.0703125 0.03759765625
1 0.6708984375 0.85400390625 0.0517578125 0.0361328125
1 0.6435546875 0.890625 0.0625 0.04052734375
1 0.8955078125 0.85791015625 0.05322265625 0.04052734375
1 0.6201171875 0.91943359375 0.0654296875 0.03125
1 0.55859375 0.9453125 0.0625 0.046875
1 0.8154296875 0.90869140625 0.06396484375 0.04052734375
1 0.86083984375 0.90380859375 0.0625 0.02978515625
1 0.3642578125 0.98828125 0.0595703125 0.0234375
1 0.68359375 0.97021484375 0.0625 0.0185546875