1 0.9375 0.35400390625 0.07177734375 0.06884765625
1 0.2978515625 0.3798828125 0.078125 0.06396484375
1 0.4404296875 0.41259765625 0.0595703125 0.0595703125
1 0.24755859375 0.46484375 0.0576171875 0.05322265625
1 0.45947265625 0.49462890625 0.0576171875 0.06396484375
1 0.6171875 0.55322265625 0.0732421875 0.0576171875
1 0.4765625 0.05224609375 0.0654296875 0.0673828125
1 0.453125 0.57666015625 0.06396484375 0.05615234375
1 0.3017578125 0.56494140625 0.06396484375 0.0576171875
1 0.8583984375 0.77490234375 0.06103515625 0.046875
1 0.78125 0.79541015625 0.0732421875 0.0517578125
1 0.5283203125 0.78662109375 0.06103515625 0.0576171875
1 0.6025390625 0.79541015625 0.06103515625 0.04052734375
1 0.47412109375 0.8095703125 0.05322265625 0.0361328125
1 0.4462890625 0.8076171875 0.05615234375 0.03759765625
1 0.5439453125 0.82421875 0.05615234375 0.03759765625
1 0.65771484375 0.86962890625 0.07666015625 0.04052734375
1 0.7138671875 0.91796875 0.0576171875 0.0361328125
1 0.1064453125 0.13134765625 0.07958984375 0.07177734375
1 0.4033203125 0.0166015625 0.0595703125 0.03271484375
1 0.1533203125 0.20458984375 0.0751953125 0.078125
1 0.8798828125 0.2685546875 0.0576171875 0.0576171875