1 0.7119140625 0.56787109375 0.0390625 0.0283203125
1 0.6123046875 0.5888671875 0.0341796875 0.02197265625
1 0.5087890625 0.60546875 0.0361328125 0.02490234375
1 0.5849609375 0.5986328125 0.03759765625 0.02490234375
1 0.46240234375 0.63134765625 0.03271484375 0.015625
1 0.32275390625 0.64599609375 0.03271484375 0.0126953125
1 0.71630859375 0.61474609375 0.02978515625 0.01416015625
1 0.3916015625 0.65087890625 0.02978515625 0.01708984375
1 0.28369140625 0.6640625 0.0341796875 0.02197265625
1 0.48193359375 0.64453125 0.0341796875 0.015625
1 0.3095703125 0.6728515625 0.03271484375 0.02490234375
1 0.4033203125 0.66552734375 0.03125 0.0185546875
1 0.2080078125 0.6875 0.0341796875 0.01708984375
1 0.18994140625 0.70068359375 0.0390625 0.0205078125
1 0.13134765625 0.70703125 0.0419921875 0.0234375
1 0.703125 0.65869140625 0.0283203125 0.02490234375
1 0.4609375 0.68896484375 0.0283203125 0.0126953125
1 0.54443359375 0.68603515625 0.0263671875 0.02197265625
1 0.65869140625 0.68115234375 0.0263671875 0.015625