1 0.07666015625 0.31640625 0.0673828125 0.0625
1 0.7119140625 0.3974609375 0.0751953125 0.0576171875
1 0.56640625 0.41796875 0.05615234375 0.05615234375
1 0.7548828125 0.48681640625 0.05322265625 0.04833984375
1 0.54052734375 0.49853515625 0.05322265625 0.0595703125
1 0.37890625 0.54296875 0.0703125 0.0517578125
1 0.5625 0.05615234375 0.06103515625 0.0625
1 0.5400390625 0.58056640625 0.0595703125 0.0517578125
1 0.6923828125 0.58203125 0.0595703125 0.05322265625
1 0.11865234375 0.7431640625 0.0576171875 0.0439453125
1 0.19384765625 0.76953125 0.0703125 0.04541015625
1 0.44677734375 0.78271484375 0.0576171875 0.05322265625
1 0.37255859375 0.78515625 0.0576171875 0.0361328125
1 0.49853515625 0.81005859375 0.0517578125 0.03125
1 0.5263671875 0.81103515625 0.05322265625 0.0341796875
1 0.42822265625 0.8193359375 0.05322265625 0.0341796875
1 0.31103515625 0.8544921875 0.0751953125 0.0341796875
1 0.25 0.8974609375 0.05615234375 0.03125
1 0.92431640625 0.1669921875 0.0751953125 0.0673828125
1 0.63916015625 0.02197265625 0.05615234375 0.0390625
1 0.87109375 0.23583984375 0.0703125 0.07177734375
1 0.14208984375 0.23681640625 0.05322265625 0.05322265625