1 0.6962890625 0.3896484375 0.2392578125 0.24853515625
1 0.2412109375 0.3486328125 0.24365234375 0.16552734375
1 0.8515625 0.5478515625 0.1484375 0.1845703125
1 0.421875 0.5986328125 0.0673828125 0.0908203125
1 0.6484375 0.70947265625 0.1201171875 0.0732421875
1 0.1396484375 0.63818359375 0.06396484375 0.03271484375
1 0.5791015625 0.734375 0.0810546875 0.08740234375
1 0.39697265625 0.0849609375 0.2109375 0.1201171875
1 0.9482421875 0.3046875 0.10302734375 0.1904296875
1 0.52099609375 0.26708984375 0.22509765625 0.34228515625
1 0.86962890625 0.32958984375 0.1689453125 0.27978515625
1 0.1083984375 0.2421875 0.18115234375 0.27978515625
1 0.36865234375 0.32177734375 0.09521484375 0.07177734375