1 0.6298828125 0.38671875 0.0751953125 0.0625
1 0.5068359375 0.40380859375 0.07666015625 0.07177734375
1 0.54931640625 0.04296875 0.0703125 0.0703125
1 0.8173828125 0.4580078125 0.08740234375 0.05615234375
1 0.29833984375 0.46240234375 0.0703125 0.0625
1 0.90478515625 0.05078125 0.09375 0.07958984375
1 0.62255859375 0.5869140625 0.08447265625 0.05322265625
1 0.11865234375 0.5888671875 0.07177734375 0.04833984375
1 0.4150390625 0.72119140625 0.0703125 0.0673828125
1 0.41943359375 0.84619140625 0.06396484375 0.04052734375
1 0.34375 0.9375 0.0703125 0.04052734375
1 0.12890625 0.23681640625 0.07666015625 0.05322265625
1 0.84375 0.2392578125 0.09228515625 0.07177734375