1 0.61572265625 0.3076171875 0.0546875 0.0361328125
1 0.37646484375 0.34912109375 0.0390625 0.0361328125
1 0.50537109375 0.33349609375 0.03271484375 0.03271484375
1 0.34912109375 0.44677734375 0.0419921875 0.04833984375
1 0.54541015625 0.4189453125 0.0498046875 0.0498046875
1 0.4736328125 0.4609375 0.0361328125 0.04052734375
1 0.61328125 0.44140625 0.04541015625 0.0517578125
1 0.29541015625 0.09619140625 0.03271484375 0.03125
1 0.140625 0.12744140625 0.0390625 0.0439453125
1 0.6396484375 0.2431640625 0.0390625 0.0283203125
1 0.6796875 0.24853515625 0.046875 0.0517578125