1 0.296875 0.58984375 0.0361328125 0.02490234375
1 0.3974609375 0.60009765625 0.0341796875 0.0205078125
1 0.50244140625 0.60546875 0.0341796875 0.02197265625
1 0.42578125 0.60693359375 0.0361328125 0.02197265625
1 0.55078125 0.62646484375 0.03125 0.0126953125
1 0.69140625 0.62646484375 0.03125 0.00927734375
1 0.296875 0.63671875 0.02978515625 0.0126953125
1 0.62353515625 0.63818359375 0.0283203125 0.01416015625
1 0.73193359375 0.640625 0.0341796875 0.01708984375
1 0.53271484375 0.64208984375 0.0341796875 0.0126953125
1 0.7080078125 0.6513671875 0.03125 0.02197265625
1 0.61328125 0.65478515625 0.02978515625 0.01708984375
1 0.81005859375 0.65625 0.0341796875 0.01416015625
1 0.82958984375 0.6669921875 0.0390625 0.01708984375
1 0.88818359375 0.6669921875 0.04052734375 0.0205078125
1 0.31494140625 0.6787109375 0.0263671875 0.02197265625
1 0.55859375 0.68359375 0.0263671875 0.00927734375
1 0.47509765625 0.68994140625 0.02490234375 0.0205078125
1 0.36083984375 0.69677734375 0.0234375 0.01416015625