1 0.98095703125 0.30810546875 0.0380859375 0.0478515625
1 0.1201171875 0.3994140625 0.08740234375 0.04541015625
1 0.20556640625 0.40771484375 0.0830078125 0.0546875
1 0.7275390625 0.46875 0.08740234375 0.05615234375
1 0.44140625 0.4931640625 0.07177734375 0.0595703125
1 0.25244140625 0.4853515625 0.0732421875 0.0546875
1 0.63525390625 0.52490234375 0.06396484375 0.04541015625
1 0.9033203125 0.5556640625 0.0654296875 0.0390625
1 0.4775390625 0.6005859375 0.07177734375 0.04833984375
1 0.64990234375 0.6318359375 0.07666015625 0.0625
1 0.7099609375 0.73681640625 0.05322265625 0.03759765625
1 0.74462890625 0.9111328125 0.07177734375 0.06396484375
1 0.04833984375 0.1611328125 0.0390625 0.04541015625
1 0.6123046875 0.234375 0.06396484375 0.05322265625
1 0.14306640625 0.1962890625 0.06396484375 0.06103515625