1 0.9599609375 0.59130859375 0.03759765625 0.0419921875
1 0.9130859375 0.59228515625 0.03759765625 0.0419921875
1 0.8740234375 0.59521484375 0.0341796875 0.0390625
1 0.2490234375 0.46728515625 0.04052734375 0.0439453125
1 0.8271484375 0.59521484375 0.04052734375 0.046875
1 0.1904296875 0.47021484375 0.03759765625 0.04833984375
1 0.78662109375 0.6015625 0.0419921875 0.046875
1 0.32275390625 0.50634765625 0.0361328125 0.0390625
1 0.68115234375 0.5908203125 0.04052734375 0.04541015625
1 0.7353515625 0.60302734375 0.0419921875 0.04833984375
1 0.42431640625 0.54296875 0.0390625 0.0439453125
1 0.6357421875 0.60009765625 0.0390625 0.046875
1 0.49365234375 0.57177734375 0.0419921875 0.0498046875
1 0.56787109375 0.6005859375 0.0419921875 0.0498046875
1 0.2333984375 0.56005859375 0.0419921875 0.0517578125
1 0.265625 0.6591796875 0.0419921875 0.04833984375
1 0.26806640625 0.69775390625 0.04052734375 0.0439453125