1 0.95556640625 0.42431640625 0.07958984375 0.07666015625
1 0.3193359375 0.34912109375 0.0859375 0.0732421875
1 0.45556640625 0.40478515625 0.0673828125 0.0673828125
1 0.25634765625 0.42578125 0.0625 0.0595703125
1 0.4609375 0.48828125 0.0654296875 0.07177734375
1 0.60693359375 0.5712890625 0.07958984375 0.0654296875
1 0.546875 0.0546875 0.0732421875 0.0751953125
1 0.4423828125 0.56884765625 0.07177734375 0.06396484375
1 0.2939453125 0.53271484375 0.0703125 0.0654296875
1 0.81103515625 0.828125 0.0654296875 0.0546875
1 0.73193359375 0.8359375 0.078125 0.06103515625
1 0.48291015625 0.78759765625 0.06884765625 0.0654296875
1 0.5546875 0.8076171875 0.06396484375 0.04833984375
1 0.4267578125 0.8017578125 0.05615234375 0.0419921875
1 0.3994140625 0.79541015625 0.0595703125 0.04541015625
1 0.4921875 0.8271484375 0.0595703125 0.04541015625
1 0.59765625 0.8896484375 0.0810546875 0.0517578125
1 0.64599609375 0.9462890625 0.0625 0.0439453125
1 0.1689453125 0.07421875 0.08740234375 0.0830078125
1 0.4794921875 0.01318359375 0.0625 0.0263671875
1 0.2041015625 0.15380859375 0.0859375 0.0859375
1 0.9111328125 0.3310546875 0.06396484375 0.06396484375