1 0.67431640625 0.35791015625 0.20458984375 0.2158203125
1 0.21875 0.3955078125 0.22509765625 0.1279296875
1 0.8544921875 0.48583984375 0.1220703125 0.16552734375
1 0.43994140625 0.61083984375 0.05322265625 0.0810546875
1 0.6826171875 0.6806640625 0.1123046875 0.0546875
1 0.16943359375 0.6982421875 0.06103515625 0.02197265625
1 0.61865234375 0.71728515625 0.06884765625 0.078125
1 0.32666015625 0.109375 0.2001953125 0.08740234375
1 0.93505859375 0.2255859375 0.1298828125 0.17041015625
1 0.48046875 0.26708984375 0.17333984375 0.3154296875
1 0.83447265625 0.26806640625 0.125 0.2607421875
1 0.0693359375 0.3134765625 0.138671875 0.259765625
1 0.33984375 0.34765625 0.0859375 0.0576171875