1 0.98193359375 0.3173828125 0.0361328125 0.0498046875
1 0.12255859375 0.39306640625 0.08740234375 0.046875
1 0.20703125 0.40234375 0.0830078125 0.05615234375
1 0.7275390625 0.47265625 0.0888671875 0.05615234375
1 0.4423828125 0.4921875 0.07177734375 0.0595703125
1 0.2529296875 0.4814453125 0.0751953125 0.05615234375
1 0.63427734375 0.52734375 0.06396484375 0.046875
1 0.9013671875 0.5625 0.0654296875 0.04052734375
1 0.47509765625 0.60009765625 0.0732421875 0.0498046875
1 0.6474609375 0.63525390625 0.07666015625 0.0625
1 0.70556640625 0.73974609375 0.05322265625 0.0390625
1 0.7373046875 0.91552734375 0.0732421875 0.06396484375
1 0.0537109375 0.1533203125 0.0390625 0.046875
1 0.6171875 0.23681640625 0.06396484375 0.0546875
1 0.1484375 0.18994140625 0.0654296875 0.06103515625