1 0.31787109375 0.62646484375 0.04052734375 0.02978515625
1 0.4189453125 0.6181640625 0.0361328125 0.02490234375
1 0.5224609375 0.60302734375 0.03759765625 0.0283203125
1 0.44775390625 0.61962890625 0.0390625 0.0283203125
1 0.57421875 0.61474609375 0.03271484375 0.01708984375
1 0.7119140625 0.58740234375 0.03271484375 0.015625
1 0.32666015625 0.6728515625 0.03125 0.01708984375
1 0.6474609375 0.6123046875 0.03125 0.0185546875
1 0.7548828125 0.59375 0.0361328125 0.0234375
1 0.5595703125 0.6337890625 0.0361328125 0.0185546875
1 0.73291015625 0.609375 0.0341796875 0.0283203125
1 0.640625 0.63037109375 0.03125 0.02197265625
1 0.83447265625 0.5947265625 0.0341796875 0.0185546875
1 0.85546875 0.6015625 0.04052734375 0.0234375
1 0.9130859375 0.58984375 0.0439453125 0.0263671875
1 0.3525390625 0.7109375 0.02978515625 0.0263671875
1 0.59228515625 0.6689453125 0.0283203125 0.01416015625
1 0.51171875 0.69140625 0.0283203125 0.02490234375
1 0.40087890625 0.7197265625 0.0263671875 0.01708984375