1 0.3349609375 0.78759765625 0.0654296875 0.0361328125
1 0.0400390625 0.7470703125 0.0517578125 0.03271484375
1 0.8232421875 0.921875 0.0703125 0.0390625
1 0.5390625 0.8916015625 0.05322265625 0.03759765625
1 0.5009765625 0.91650390625 0.0625 0.0419921875
1 0.7490234375 0.97119140625 0.0546875 0.0419921875
1 0.4697265625 0.93505859375 0.0654296875 0.03271484375
1 0.4033203125 0.93896484375 0.06396484375 0.04833984375
1 0.65576171875 0.98486328125 0.0654296875 0.0302734375
1 0.7001953125 0.99365234375 0.0625 0.0126953125
1 0.08349609375 0.8984375 0.06884765625 0.0341796875
1 0.20166015625 0.921875 0.06103515625 0.0439453125
1 0.09912109375 0.9208984375 0.06396484375 0.03125
1 0.5107421875 0.99658203125 0.0625 0.0068359375