1 0.97802734375 0.2919921875 0.0439453125 0.046875
1 0.1171875 0.41259765625 0.0859375 0.0419921875
1 0.2021484375 0.41796875 0.0830078125 0.05322265625
1 0.7255859375 0.4609375 0.08740234375 0.05322265625
1 0.44140625 0.4951171875 0.0703125 0.05615234375
1 0.25244140625 0.49365234375 0.07177734375 0.0517578125
1 0.6357421875 0.5205078125 0.0625 0.0439453125
1 0.90478515625 0.54150390625 0.06396484375 0.03759765625
1 0.48046875 0.6015625 0.07177734375 0.046875
1 0.65478515625 0.62744140625 0.0751953125 0.0595703125
1 0.7177734375 0.72900390625 0.05322265625 0.0361328125
1 0.7587890625 0.90234375 0.0703125 0.06103515625
1 0.03662109375 0.1767578125 0.03759765625 0.04541015625
1 0.60302734375 0.23046875 0.0625 0.0517578125
1 0.1328125 0.20849609375 0.06396484375 0.0595703125