1 0.67431640625 0.35791015625 0.20458984375 0.21728515625
1 0.21875 0.3955078125 0.2265625 0.1298828125
1 0.8544921875 0.48583984375 0.1201171875 0.16552734375
1 0.43994140625 0.61083984375 0.05322265625 0.0830078125
1 0.6826171875 0.6806640625 0.1142578125 0.0546875
1 0.16943359375 0.6982421875 0.06103515625 0.02197265625
1 0.61865234375 0.71728515625 0.0703125 0.07666015625
1 0.32666015625 0.109375 0.2001953125 0.08740234375
1 0.93505859375 0.2255859375 0.1298828125 0.17041015625
1 0.48046875 0.26708984375 0.17333984375 0.3173828125
1 0.83447265625 0.26806640625 0.125 0.2626953125
1 0.0693359375 0.3134765625 0.138671875 0.259765625
1 0.33984375 0.34765625 0.08740234375 0.0576171875