1 0.1357421875 0.3779296875 0.1201171875 0.10302734375
1 0.6201171875 0.28759765625 0.1171875 0.10302734375
1 0.26953125 0.4130859375 0.11865234375 0.10791015625
1 0.0263671875 0.4736328125 0.052734375 0.078125
1 0.59130859375 0.48583984375 0.0830078125 0.0986328125
1 0.2314453125 0.65380859375 0.0859375 0.0830078125
1 0.70166015625 0.7060546875 0.08447265625 0.0703125
1 0.9423828125 0.6826171875 0.0703125 0.08447265625
1 0.42333984375 0.7998046875 0.11865234375 0.10009765625
1 0.3837890625 0.98583984375 0.0830078125 0.0283203125
1 0.0234375 0.18994140625 0.046875 0.10791015625
1 0.76025390625 0.11962890625 0.0859375 0.0908203125