1 0.63134765625 0.3173828125 0.2529296875 0.2626953125
1 0.20166015625 0.4716796875 0.25146484375 0.1826171875
1 0.8388671875 0.39453125 0.1591796875 0.1904296875
1 0.47021484375 0.62255859375 0.07177734375 0.09228515625
1 0.7236328125 0.62744140625 0.12353515625 0.0830078125
1 0.23193359375 0.77734375 0.06396484375 0.03759765625
1 0.6708984375 0.6787109375 0.08740234375 0.09228515625
1 0.2314453125 0.1669921875 0.2158203125 0.1357421875
1 0.84912109375 0.12255859375 0.1689453125 0.1982421875
1 0.4208984375 0.2802734375 0.25 0.3515625
1 0.76318359375 0.18896484375 0.18896484375 0.2841796875
1 0.06787109375 0.43212890625 0.1357421875 0.2861328125
1 0.30615234375 0.39453125 0.0986328125 0.078125