1 0.0322265625 0.4775390625 0.03271484375 0.03759765625
1 0.07666015625 0.4892578125 0.03271484375 0.03759765625
1 0.1142578125 0.50244140625 0.0283203125 0.0341796875
1 0.75146484375 0.52880859375 0.0341796875 0.0390625
1 0.1591796875 0.51318359375 0.0341796875 0.0419921875
1 0.80712890625 0.5458984375 0.02978515625 0.0439453125
1 0.19677734375 0.52880859375 0.0361328125 0.0419921875
1 0.67041015625 0.54931640625 0.02978515625 0.0341796875
1 0.30224609375 0.5439453125 0.0341796875 0.0390625
1 0.2470703125 0.54296875 0.0361328125 0.0439453125
1 0.5625 0.56005859375 0.03271484375 0.0390625
1 0.34375 0.56396484375 0.03271484375 0.0419921875
1 0.4892578125 0.57177734375 0.0341796875 0.0439453125
1 0.4091796875 0.5810546875 0.0361328125 0.0439453125
1 0.74462890625 0.62255859375 0.0361328125 0.046875
1 0.68896484375 0.7119140625 0.0341796875 0.0439453125
1 0.67724609375 0.74755859375 0.0361328125 0.0390625