1 0.66162109375 0.3447265625 0.05322265625 0.0341796875
1 0.41943359375 0.32275390625 0.03759765625 0.0341796875
1 0.54833984375 0.3408203125 0.03125 0.03125
1 0.3681640625 0.41015625 0.04052734375 0.046875
1 0.56494140625 0.4326171875 0.046875 0.046875
1 0.484375 0.45556640625 0.0341796875 0.0390625
1 0.6240234375 0.47265625 0.0419921875 0.04833984375
1 0.4072265625 0.05615234375 0.03125 0.02978515625
1 0.2490234375 0.046875 0.03759765625 0.0419921875
1 0.70166015625 0.28759765625 0.0390625 0.02490234375
1 0.7392578125 0.3037109375 0.04541015625 0.0498046875