1 0.05322265625 0.38525390625 0.07666015625 0.07177734375
1 0.69287109375 0.36572265625 0.0810546875 0.06884765625
1 0.55322265625 0.40869140625 0.0625 0.0625
1 0.7490234375 0.44677734375 0.0595703125 0.05615234375
1 0.5400390625 0.4921875 0.0625 0.0673828125
1 0.3876953125 0.5615234375 0.07666015625 0.06103515625
1 0.4921875 0.0517578125 0.06884765625 0.0703125
1 0.5517578125 0.5732421875 0.0673828125 0.0595703125
1 0.7021484375 0.55078125 0.0673828125 0.0625
1 0.16162109375 0.7998046875 0.06396484375 0.0517578125
1 0.23974609375 0.81396484375 0.0751953125 0.05615234375
1 0.4912109375 0.78759765625 0.06396484375 0.06103515625
1 0.4189453125 0.8017578125 0.0625 0.04541015625
1 0.546875 0.80615234375 0.0546875 0.0390625
1 0.5751953125 0.80322265625 0.0576171875 0.0419921875
1 0.47900390625 0.82666015625 0.0576171875 0.04052734375
1 0.36865234375 0.8798828125 0.078125 0.04541015625
1 0.3154296875 0.93212890625 0.0595703125 0.0390625
1 0.8671875 0.1044921875 0.08447265625 0.078125
1 0.56103515625 0.0146484375 0.0615234375 0.029296875
1 0.8251953125 0.18115234375 0.07958984375 0.0810546875
1 0.10546875 0.2958984375 0.06103515625 0.06103515625