1 0.03125 0.49365234375 0.03125 0.0361328125
1 0.07666015625 0.50390625 0.03125 0.0361328125
1 0.1142578125 0.515625 0.0263671875 0.0341796875
1 0.75244140625 0.5205078125 0.0341796875 0.0390625
1 0.16015625 0.52490234375 0.0341796875 0.04052734375
1 0.80859375 0.53515625 0.02978515625 0.0439453125
1 0.1982421875 0.5400390625 0.0341796875 0.04052734375
1 0.671875 0.54296875 0.02978515625 0.0341796875
1 0.3037109375 0.55078125 0.0341796875 0.0390625
1 0.24853515625 0.5517578125 0.0341796875 0.0439453125
1 0.56494140625 0.5576171875 0.03125 0.0390625
1 0.34619140625 0.5693359375 0.03125 0.04052734375
1 0.4912109375 0.57177734375 0.0341796875 0.0439453125
1 0.41259765625 0.58447265625 0.0341796875 0.0439453125
1 0.74853515625 0.6142578125 0.0341796875 0.04541015625
1 0.6962890625 0.70458984375 0.0341796875 0.0439453125
1 0.68603515625 0.7412109375 0.0341796875 0.0390625