1 0.60693359375 0.81396484375 0.0625 0.02490234375
1 0.90478515625 0.83056640625 0.04833984375 0.02490234375
1 0.1025390625 0.8525390625 0.0673828125 0.0263671875
1 0.38671875 0.87646484375 0.04833984375 0.02978515625
1 0.41943359375 0.90869140625 0.0576171875 0.03125
1 0.16552734375 0.9150390625 0.04833984375 0.0341796875
1 0.44677734375 0.9326171875 0.0625 0.02197265625
1 0.51171875 0.94921875 0.0576171875 0.0390625
1 0.25244140625 0.953125 0.06103515625 0.03125
1 0.20703125 0.95556640625 0.06103515625 0.0205078125
1 0.8330078125 0.97021484375 0.0654296875 0.02197265625
1 0.71240234375 0.97119140625 0.05615234375 0.0341796875
1 0.8134765625 0.98974609375 0.06103515625 0.0205078125
1 0.39208984375 0.9931640625 0.0625 0.00927734375