1 0.80078125 0.2607421875 0.1171875 0.10009765625
1 0.31396484375 0.34130859375 0.11572265625 0.10009765625
1 0.6865234375 0.33984375 0.11572265625 0.1044921875
1 0.9443359375 0.31005859375 0.07177734375 0.07666015625
1 0.4091796875 0.51806640625 0.07958984375 0.0966796875
1 0.8046875 0.55322265625 0.08447265625 0.07958984375
1 0.38134765625 0.7626953125 0.0810546875 0.0673828125
1 0.14697265625 0.8232421875 0.06884765625 0.0830078125
1 0.67431640625 0.75537109375 0.1171875 0.0966796875
1 0.78271484375 0.93505859375 0.0830078125 0.0625
1 0.8759765625 0.04296875 0.1171875 0.0859375
1 0.125 0.23193359375 0.0830078125 0.0908203125