1 0.64453125 0.328125 0.0517578125 0.02978515625
1 0.4013671875 0.33203125 0.0341796875 0.03125
1 0.53125 0.3369140625 0.02978515625 0.02978515625
1 0.359375 0.42431640625 0.0361328125 0.0439453125
1 0.5576171875 0.4267578125 0.0439453125 0.0439453125
1 0.4794921875 0.45703125 0.03125 0.0361328125
1 0.62109375 0.4599609375 0.0390625 0.04541015625
1 0.36083984375 0.06884765625 0.02978515625 0.0263671875
1 0.203125 0.07568359375 0.0341796875 0.0390625
1 0.67822265625 0.26806640625 0.0361328125 0.02197265625
1 0.71728515625 0.27978515625 0.04052734375 0.04541015625