1 0.39453125 0.3642578125 0.08447265625 0.0751953125
1 0.51171875 0.40478515625 0.0888671875 0.0859375
1 0.5390625 0.0419921875 0.0810546875 0.0810546875
1 0.19677734375 0.3984375 0.0966796875 0.07177734375
1 0.70458984375 0.50146484375 0.07958984375 0.0751953125
1 0.18798828125 0.0146484375 0.1083984375 0.029296875
1 0.36328125 0.5615234375 0.09228515625 0.06884765625
1 0.85693359375 0.66015625 0.07958984375 0.06103515625
1 0.54150390625 0.7333984375 0.0810546875 0.07958984375
1 0.51318359375 0.85546875 0.0703125 0.0517578125
1 0.5693359375 0.95947265625 0.0751953125 0.05322265625
1 0.9150390625 0.3125 0.0859375 0.0673828125
1 0.21240234375 0.17822265625 0.10302734375 0.08740234375