1 0.34130859375 0.3408203125 0.2265625 0.23583984375
1 0.79052734375 0.4248046875 0.2373046875 0.1513671875
1 0.1484375 0.44921875 0.1376953125 0.17822265625
1 0.54833984375 0.6162109375 0.06103515625 0.08740234375
1 0.29931640625 0.66015625 0.11865234375 0.0673828125
1 0.8076171875 0.73193359375 0.0625 0.0283203125
1 0.359375 0.7041015625 0.07666015625 0.08447265625
1 0.71337890625 0.1298828125 0.2080078125 0.10791015625
1 0.09619140625 0.18212890625 0.14697265625 0.1826171875
1 0.5439453125 0.2705078125 0.2060546875 0.3330078125
1 0.19140625 0.234375 0.1513671875 0.2734375
1 0.93212890625 0.359375 0.1357421875 0.27197265625
1 0.6748046875 0.36474609375 0.09228515625 0.0673828125