1 0.64453125 0.40625 0.0830078125 0.07177734375
1 0.5205078125 0.4052734375 0.0859375 0.0810546875
1 0.6123046875 0.0537109375 0.07958984375 0.07958984375
1 0.8203125 0.50244140625 0.09375 0.0673828125
1 0.3056640625 0.43505859375 0.07666015625 0.07177734375
1 0.95556640625 0.11181640625 0.0888671875 0.09228515625
1 0.609375 0.60302734375 0.0908203125 0.06396484375
1 0.1103515625 0.53515625 0.078125 0.0576171875
1 0.38525390625 0.70703125 0.078125 0.07666015625
1 0.3720703125 0.8310546875 0.06884765625 0.04833984375
1 0.2841796875 0.91162109375 0.0732421875 0.0498046875
1 0.16943359375 0.1875 0.0830078125 0.0625
1 0.87646484375 0.2890625 0.10009765625 0.08447265625