1 0.83447265625 0.31103515625 0.1064453125 0.08447265625
1 0.34130859375 0.31396484375 0.10302734375 0.08447265625
1 0.70947265625 0.37109375 0.10302734375 0.0888671875
1 0.96875 0.3818359375 0.0625 0.0673828125
1 0.40771484375 0.50390625 0.0673828125 0.08740234375
1 0.79296875 0.60009765625 0.0751953125 0.0703125
1 0.34130859375 0.74072265625 0.0751953125 0.0576171875
1 0.1005859375 0.76416015625 0.0576171875 0.0751953125
1 0.6318359375 0.77978515625 0.1064453125 0.0830078125
1 0.7109375 0.97412109375 0.0751953125 0.0517578125
1 0.9443359375 0.0986328125 0.1064453125 0.0888671875
1 0.171875 0.1767578125 0.07177734375 0.07958984375