1 0.38037109375 0.3759765625 0.07958984375 0.06884765625
1 0.50146484375 0.40380859375 0.0830078125 0.078125
1 0.49072265625 0.04052734375 0.0751953125 0.0751953125
1 0.1875 0.4306640625 0.09228515625 0.0625
1 0.7041015625 0.48046875 0.0751953125 0.06884765625
1 0.13525390625 0.0302734375 0.1005859375 0.060546875
1 0.3701171875 0.57568359375 0.0888671875 0.06103515625
1 0.8720703125 0.6220703125 0.0751953125 0.05322265625
1 0.5654296875 0.7275390625 0.0751953125 0.0732421875
1 0.5498046875 0.8515625 0.0673828125 0.04541015625
1 0.6171875 0.94921875 0.07177734375 0.046875
1 0.89306640625 0.2705078125 0.0810546875 0.0595703125
1 0.1806640625 0.2099609375 0.0966796875 0.07958984375