1 0.9599609375 0.41259765625 0.03759765625 0.0419921875
1 0.91796875 0.4306640625 0.03759765625 0.04052734375
1 0.8828125 0.4482421875 0.03271484375 0.03759765625
1 0.2548828125 0.56396484375 0.0390625 0.0439453125
1 0.8388671875 0.4658203125 0.04052734375 0.04541015625
1 0.2021484375 0.58837890625 0.0361328125 0.046875
1 0.8037109375 0.48681640625 0.04052734375 0.04541015625
1 0.33837890625 0.57177734375 0.0341796875 0.03759765625
1 0.70166015625 0.515625 0.0390625 0.0439453125
1 0.7568359375 0.5068359375 0.04052734375 0.04833984375
1 0.4462890625 0.56787109375 0.03759765625 0.0439453125
1 0.6630859375 0.54150390625 0.03759765625 0.04541015625
1 0.52099609375 0.5693359375 0.04052734375 0.04833984375
1 0.6005859375 0.56787109375 0.04052734375 0.04833984375
1 0.27490234375 0.6552734375 0.0419921875 0.0517578125
1 0.34228515625 0.73583984375 0.04052734375 0.04833984375
1 0.3583984375 0.7705078125 0.04052734375 0.0439453125