1 0.0595703125 0.36181640625 0.07177734375 0.06884765625
1 0.7001953125 0.3759765625 0.07958984375 0.0654296875
1 0.5576171875 0.41162109375 0.06103515625 0.06103515625
1 0.75146484375 0.4599609375 0.0576171875 0.05322265625
1 0.54052734375 0.49462890625 0.0595703125 0.0654296875
1 0.38427734375 0.5556640625 0.0751953125 0.0576171875
1 0.515625 0.05224609375 0.0654296875 0.06884765625
1 0.5478515625 0.57568359375 0.0654296875 0.0576171875
1 0.7001953125 0.5615234375 0.0654296875 0.0595703125
1 0.14599609375 0.78125 0.06103515625 0.04833984375
1 0.2236328125 0.7998046875 0.0732421875 0.0517578125
1 0.4765625 0.78662109375 0.0625 0.0595703125
1 0.4033203125 0.796875 0.06103515625 0.0419921875
1 0.53125 0.80859375 0.05322265625 0.0361328125
1 0.55859375 0.80615234375 0.05615234375 0.0390625
1 0.4619140625 0.8251953125 0.05615234375 0.0390625
1 0.34912109375 0.87255859375 0.07666015625 0.04052734375
1 0.29296875 0.921875 0.0576171875 0.03759765625
1 0.88671875 0.125 0.07958984375 0.0732421875
1 0.58740234375 0.015625 0.0595703125 0.03125
1 0.84130859375 0.1982421875 0.07666015625 0.078125
1 0.1162109375 0.27587890625 0.0576171875 0.0576171875