1 0.38427734375 0.3076171875 0.0546875 0.0361328125
1 0.62353515625 0.34912109375 0.03759765625 0.0361328125
1 0.49462890625 0.33349609375 0.03271484375 0.03271484375
1 0.65087890625 0.44677734375 0.0419921875 0.04833984375
1 0.45458984375 0.4189453125 0.0498046875 0.0498046875
1 0.5263671875 0.4609375 0.0361328125 0.04052734375
1 0.38671875 0.44140625 0.04541015625 0.0498046875
1 0.70458984375 0.09619140625 0.03271484375 0.03125
1 0.859375 0.12744140625 0.0390625 0.0439453125
1 0.3603515625 0.2431640625 0.0390625 0.0283203125
1 0.3203125 0.24853515625 0.046875 0.0517578125