1 0.96337890625 0.4287109375 0.0361328125 0.04052734375
1 0.91943359375 0.4453125 0.0361328125 0.04052734375
1 0.88427734375 0.4619140625 0.03125 0.03759765625
1 0.2529296875 0.5556640625 0.0390625 0.0419921875
1 0.83984375 0.4775390625 0.0390625 0.04541015625
1 0.19921875 0.578125 0.0341796875 0.046875
1 0.8037109375 0.49755859375 0.0390625 0.04541015625
1 0.3359375 0.56640625 0.03271484375 0.03759765625
1 0.70166015625 0.5224609375 0.03759765625 0.0419921875
1 0.75634765625 0.5166015625 0.0390625 0.046875
1 0.44384765625 0.56640625 0.0361328125 0.0419921875
1 0.66162109375 0.5478515625 0.0361328125 0.04541015625
1 0.5185546875 0.5703125 0.0390625 0.046875
1 0.5986328125 0.5712890625 0.0390625 0.04833984375
1 0.26953125 0.6474609375 0.0390625 0.0498046875
1 0.33447265625 0.7294921875 0.0390625 0.046875
1 0.34912109375 0.7646484375 0.0390625 0.0419921875