1 0.0185546875 0.30810546875 0.037109375 0.0478515625
1 0.8798828125 0.3994140625 0.08740234375 0.04541015625
1 0.79443359375 0.40771484375 0.0830078125 0.0546875
1 0.2724609375 0.46875 0.08740234375 0.05615234375
1 0.55859375 0.4931640625 0.07177734375 0.0595703125
1 0.74755859375 0.4853515625 0.0732421875 0.0546875
1 0.36474609375 0.52490234375 0.06396484375 0.04541015625
1 0.0966796875 0.5556640625 0.0654296875 0.0390625
1 0.5224609375 0.6005859375 0.07177734375 0.04833984375
1 0.35009765625 0.6318359375 0.07666015625 0.06103515625
1 0.2900390625 0.73681640625 0.05322265625 0.03759765625
1 0.25537109375 0.9111328125 0.07177734375 0.06396484375
1 0.95166015625 0.1611328125 0.0390625 0.04541015625
1 0.3876953125 0.234375 0.06396484375 0.05322265625
1 0.85693359375 0.1962890625 0.0654296875 0.06103515625