1 0.6318359375 0.31884765625 0.05322265625 0.03125
1 0.3896484375 0.3388671875 0.0361328125 0.03271484375
1 0.51953125 0.3349609375 0.03125 0.03125
1 0.3544921875 0.4345703125 0.0390625 0.04541015625
1 0.55224609375 0.4228515625 0.046875 0.046875
1 0.4765625 0.45849609375 0.0341796875 0.03759765625
1 0.6181640625 0.45166015625 0.0419921875 0.04833984375
1 0.3310546875 0.07958984375 0.03125 0.0283203125
1 0.17431640625 0.09765625 0.0361328125 0.04052734375
1 0.66162109375 0.25634765625 0.03759765625 0.02490234375
1 0.70166015625 0.2646484375 0.0439453125 0.04833984375