1 0.6669921875 0.35009765625 0.0546875 0.0361328125
1 0.42578125 0.3203125 0.03759765625 0.0361328125
1 0.5537109375 0.3427734375 0.03271484375 0.03271484375
1 0.37109375 0.4052734375 0.0419921875 0.046875
1 0.5673828125 0.43505859375 0.04833984375 0.04833984375
1 0.48583984375 0.45458984375 0.0361328125 0.04052734375
1 0.6259765625 0.4775390625 0.04541015625 0.0498046875
1 0.4228515625 0.0537109375 0.03125 0.02978515625
1 0.2646484375 0.0380859375 0.0390625 0.0419921875
1 0.70849609375 0.29541015625 0.0390625 0.0263671875
1 0.74609375 0.3115234375 0.046875 0.0517578125