1 0.9658203125 0.4443359375 0.0341796875 0.0390625
1 0.921875 0.45947265625 0.0341796875 0.0390625
1 0.88525390625 0.47509765625 0.03125 0.0361328125
1 0.2509765625 0.546875 0.03759765625 0.0419921875
1 0.8408203125 0.4892578125 0.03759765625 0.0439453125
1 0.19677734375 0.5673828125 0.03271484375 0.04541015625
1 0.8037109375 0.5078125 0.03759765625 0.0439453125
1 0.33349609375 0.56103515625 0.03125 0.0361328125
1 0.7001953125 0.52978515625 0.03759765625 0.0419921875
1 0.75537109375 0.52490234375 0.0390625 0.046875
1 0.44140625 0.56396484375 0.0341796875 0.04052734375
1 0.66015625 0.55322265625 0.0361328125 0.0439453125
1 0.5166015625 0.5703125 0.03759765625 0.046875
1 0.59619140625 0.5751953125 0.0390625 0.046875
1 0.2646484375 0.63916015625 0.0390625 0.0498046875
1 0.32666015625 0.72412109375 0.03759765625 0.046875
1 0.3408203125 0.75927734375 0.03759765625 0.0419921875