1 0.3662109375 0.3916015625 0.07666015625 0.0654296875
1 0.48974609375 0.40380859375 0.07958984375 0.0751953125
1 0.43505859375 0.04541015625 0.07177734375 0.07177734375
1 0.18115234375 0.46875 0.0888671875 0.0595703125
1 0.7001953125 0.45556640625 0.07177734375 0.0654296875
1 0.07958984375 0.06494140625 0.0966796875 0.0830078125
1 0.38037109375 0.5908203125 0.0859375 0.05615234375
1 0.88427734375 0.57568359375 0.0732421875 0.0498046875
1 0.5927734375 0.7177734375 0.07177734375 0.0703125
1 0.59228515625 0.8427734375 0.0654296875 0.0419921875
1 0.6708984375 0.93212890625 0.0703125 0.0439453125
1 0.86181640625 0.22412109375 0.078125 0.05615234375
1 0.1474609375 0.25146484375 0.09375 0.0751953125