1 0.4931640625 0.3857421875 0.0439453125 0.01708984375
1 0.37646484375 0.39208984375 0.03125 0.01708984375
1 0.67041015625 0.40478515625 0.0439453125 0.01416015625
1 0.58740234375 0.41015625 0.0283203125 0.01416015625
1 0.52490234375 0.41259765625 0.0390625 0.01708984375
1 0.4423828125 0.4169921875 0.0263671875 0.01708984375
1 0.74755859375 0.41796875 0.05615234375 0.01708984375
1 0.3232421875 0.42041015625 0.0263671875 0.01416015625
1 0.39306640625 0.42333984375 0.0390625 0.01708984375
1 0.6494140625 0.42431640625 0.0341796875 0.01416015625
1 0.59375 0.43115234375 0.04833984375 0.01708984375
1 0.49072265625 0.4375 0.0283203125 0.01416015625
1 0.328125 0.4443359375 0.0439453125 0.01708984375
1 0.2412109375 0.44921875 0.03125 0.0205078125