1 0.97900390625 0.2998046875 0.0419921875 0.046875
1 0.11865234375 0.40625 0.08740234375 0.0439453125
1 0.2041015625 0.41259765625 0.0830078125 0.05322265625
1 0.7265625 0.46484375 0.08740234375 0.0546875
1 0.44140625 0.49462890625 0.0703125 0.0576171875
1 0.25244140625 0.48974609375 0.0732421875 0.05322265625
1 0.63525390625 0.5224609375 0.0625 0.04541015625
1 0.90380859375 0.54833984375 0.06396484375 0.03759765625
1 0.47900390625 0.6005859375 0.07177734375 0.046875
1 0.65234375 0.6298828125 0.0751953125 0.06103515625
1 0.7138671875 0.73291015625 0.05322265625 0.03759765625
1 0.75146484375 0.9072265625 0.0703125 0.0625
1 0.0419921875 0.1689453125 0.03759765625 0.04541015625
1 0.60791015625 0.23291015625 0.06396484375 0.05322265625
1 0.1376953125 0.2021484375 0.06396484375 0.0595703125