1 0.0732421875 0.3232421875 0.06884765625 0.06396484375
1 0.7099609375 0.3935546875 0.0751953125 0.0595703125
1 0.56494140625 0.4169921875 0.05615234375 0.05615234375
1 0.7548828125 0.48193359375 0.0546875 0.0498046875
1 0.54052734375 0.49755859375 0.0546875 0.06103515625
1 0.3798828125 0.54541015625 0.0703125 0.05322265625
1 0.5546875 0.0556640625 0.06103515625 0.06396484375
1 0.54150390625 0.57958984375 0.06103515625 0.0517578125
1 0.69384765625 0.5791015625 0.06103515625 0.0546875
1 0.12353515625 0.7490234375 0.0576171875 0.0439453125
1 0.1982421875 0.77490234375 0.0703125 0.046875
1 0.45166015625 0.78369140625 0.0595703125 0.0546875
1 0.37744140625 0.78759765625 0.0576171875 0.03759765625
1 0.50390625 0.81005859375 0.0517578125 0.03271484375
1 0.5322265625 0.81005859375 0.05322265625 0.0341796875
1 0.43359375 0.8212890625 0.05322265625 0.0341796875
1 0.3173828125 0.85791015625 0.0751953125 0.0361328125
1 0.2568359375 0.90234375 0.05615234375 0.03271484375
1 0.91796875 0.16015625 0.0751953125 0.0673828125
1 0.63037109375 0.01953125 0.05615234375 0.0390625
1 0.8662109375 0.2294921875 0.0703125 0.0732421875
1 0.1376953125 0.2431640625 0.0546875 0.0546875