1 0.359375 0.24853515625 0.0703125 0.02978515625
1 0.6943359375 0.33203125 0.0966796875 0.02490234375
1 0.15625 0.35009765625 0.0673828125 0.0390625
1 0.2880859375 0.38134765625 0.05322265625 0.0234375
1 0.07568359375 0.48046875 0.13427734375 0.03125
1 0.953125 0.5244140625 0.04541015625 0.0341796875
1 0.5673828125 0.7275390625 0.05322265625 0.05322265625
1 0.87353515625 0.7392578125 0.05615234375 0.0205078125
1 0.1025390625 0.77197265625 0.0673828125 0.04052734375
1 0.5419921875 0.7724609375 0.0546875 0.0263671875
1 0.36865234375 0.84228515625 0.0234375 0.02197265625
1 0.49853515625 0.8486328125 0.0341796875 0.01708984375
1 0.3388671875 0.85546875 0.0263671875 0.0126953125
1 0.4423828125 0.8994140625 0.01416015625 0.0126953125
1 0.87353515625 0.95458984375 0.0439453125 0.0263671875