1 0.62744140625 0.2412109375 0.0703125 0.03271484375
1 0.296875 0.34228515625 0.0966796875 0.0283203125
1 0.8349609375 0.33203125 0.06884765625 0.0419921875
1 0.70556640625 0.3701171875 0.0546875 0.0283203125
1 0.9228515625 0.45849609375 0.1357421875 0.03759765625
1 0.04833984375 0.5478515625 0.046875 0.0361328125
1 0.4443359375 0.73046875 0.05615234375 0.05615234375
1 0.1396484375 0.7587890625 0.05615234375 0.02197265625
1 0.91162109375 0.7509765625 0.06884765625 0.0439453125
1 0.4716796875 0.7744140625 0.0576171875 0.02978515625
1 0.6494140625 0.8349609375 0.02490234375 0.0234375
1 0.51953125 0.84765625 0.0341796875 0.0185546875
1 0.6796875 0.8466796875 0.0283203125 0.0126953125
1 0.5791015625 0.8955078125 0.01416015625 0.0126953125
1 0.15087890625 0.9736328125 0.0439453125 0.0283203125