1 0.67822265625 0.2734375 0.0732421875 0.0390625
1 0.33447265625 0.3037109375 0.0986328125 0.0390625
1 0.86328125 0.4052734375 0.0732421875 0.04833984375
1 0.7275390625 0.41552734375 0.05615234375 0.03271484375
1 0.921875 0.546875 0.1376953125 0.0517578125
1 0.04833984375 0.453125 0.04833984375 0.0390625
1 0.3984375 0.7138671875 0.06103515625 0.06103515625
1 0.09375 0.67724609375 0.0576171875 0.0283203125
1 0.85009765625 0.83056640625 0.0732421875 0.0498046875
1 0.41552734375 0.7626953125 0.0595703125 0.0341796875
1 0.57568359375 0.8583984375 0.0283203125 0.02490234375
1 0.44677734375 0.8447265625 0.0361328125 0.02197265625
1 0.60302734375 0.87646484375 0.0283203125 0.015625
1 0.49462890625 0.9033203125 0.01708984375 0.01416015625
1 0.06005859375 0.890625 0.046875 0.03271484375