1 0.62255859375 0.2392578125 0.0703125 0.03271484375
1 0.29443359375 0.34619140625 0.0966796875 0.02978515625
1 0.8330078125 0.32666015625 0.0703125 0.0419921875
1 0.703125 0.3662109375 0.0546875 0.0283203125
1 0.921875 0.45068359375 0.1357421875 0.04052734375
1 0.0498046875 0.5556640625 0.046875 0.0361328125
1 0.44921875 0.7314453125 0.05615234375 0.05615234375
1 0.14453125 0.7646484375 0.0576171875 0.0234375
1 0.91552734375 0.74365234375 0.0703125 0.04541015625
1 0.4765625 0.77490234375 0.0576171875 0.02978515625
1 0.65478515625 0.83203125 0.0263671875 0.0234375
1 0.52587890625 0.84765625 0.0341796875 0.0185546875
1 0.68505859375 0.84375 0.0283203125 0.0126953125
1 0.5849609375 0.89453125 0.015625 0.0126953125
1 0.1591796875 0.9794921875 0.04541015625 0.02978515625