1 0.640625 0.24853515625 0.06884765625 0.0283203125
1 0.3056640625 0.33203125 0.09521484375 0.0234375
1 0.84375 0.35009765625 0.0673828125 0.03759765625
1 0.7119140625 0.38134765625 0.05322265625 0.02490234375
1 0.92431640625 0.48046875 0.13427734375 0.03125
1 0.046875 0.5244140625 0.04541015625 0.0341796875
1 0.4326171875 0.7275390625 0.05322265625 0.05322265625
1 0.12646484375 0.7392578125 0.05615234375 0.0185546875
1 0.8974609375 0.77197265625 0.0673828125 0.04052734375
1 0.4580078125 0.7724609375 0.05615234375 0.0263671875
1 0.63134765625 0.84228515625 0.02490234375 0.02197265625
1 0.50146484375 0.8486328125 0.0341796875 0.015625
1 0.6611328125 0.85546875 0.0283203125 0.0107421875
1 0.5576171875 0.8994140625 0.015625 0.0107421875
1 0.12646484375 0.95458984375 0.0439453125 0.0283203125