1 0.052734375 0.0341796875 0.0478515625 0.05810546875
1 0.11767578125 0.07763671875 0.06591796875 0.04833984375
1 0.1640625 0.0654296875 0.048828125 0.0654296875
1 0.29443359375 0.08251953125 0.06005859375 0.07177734375
1 0.30126953125 0.1484375 0.03662109375 0.041015625
1 0.29150390625 0.177734375 0.0537109375 0.048828125
1 0.39794921875 0.23046875 0.037109375 0.0390625
1 0.3828125 0.26123046875 0.03369140625 0.04443359375
1 0.486328125 0.29345703125 0.03466796875 0.03955078125
1 0.509765625 0.35107421875 0.02734375 0.0390625
1 0.607421875 0.396484375 0.0322265625 0.033203125
1 0.73828125 0.4326171875 0.0283203125 0.03515625
1 0.64697265625 0.35205078125 0.03271484375 0.05517578125
1 0.7109375 0.34814453125 0.04150390625 0.03759765625
1 0.69189453125 0.3896484375 0.03173828125 0.046875
1 0.740234375 0.48681640625 0.0244140625 0.03759765625
1 0.85888671875 0.47119140625 0.02734375 0.04345703125
1 0.8720703125 0.5302734375 0.02197265625 0.0361328125
1 0.77783203125 0.55322265625 0.013671875 0.02734375
1 0.9501953125 0.552734375 0.01708984375 0.02099609375
1 0.984375 0.5712890625 0.017578125 0.02099609375
1 0.96826171875 0.64013671875 0.01416015625 0.0244140625
1 0.97265625 0.7041015625 0.01220703125 0.01416015625
1 0.990234375 0.7021484375 0.01416015625 0.033203125
1 0.9765625 0.7353515625 0.0205078125 0.02978515625
1 0.994140625 0.76025390625 0.0107421875 0.0283203125
1 0.9677734375 0.66162109375 0.01318359375 0.021484375