1 0.052734375 0.35205078125 0.06884765625 0.13330078125
1 0.23779296875 0.26318359375 0.0712890625 0.1181640625
1 0.154296875 0.43359375 0.06103515625 0.1484375
1 0.15576171875 0.576171875 0.05615234375 0.11474609375
1 0.0751953125 0.82763671875 0.08447265625 0.1494140625
1 0.14501953125 0.82470703125 0.046875 0.10693359375
1 0.21435546875 0.806640625 0.04541015625 0.083984375
1 0.28369140625 0.8974609375 0.03564453125 0.0537109375
1 0.29248046875 0.71875 0.10009765625 0.1630859375
1 0.625 0.06787109375 0.07470703125 0.12060546875
1 0.94580078125 0.1962890625 0.07861328125 0.1044921875
1 0.92822265625 0.3203125 0.07177734375 0.1259765625
1 0.61083984375 0.7275390625 0.048828125 0.09765625
1 0.72900390625 0.85498046875 0.0595703125 0.12060546875
1 0.4521484375 0.71533203125 0.0576171875 0.09619140625
1 0.5107421875 0.79541015625 0.046875 0.13623046875
1 0.548828125 0.8984375 0.0517578125 0.10400390625
1 0.42822265625 0.85986328125 0.04052734375 0.0703125
1 0.3125 0.88525390625 0.03076171875 0.05224609375
1 0.224609375 0.9228515625 0.03515625 0.06640625
1 0.2060546875 0.9638671875 0.04150390625 0.0654296875
1 0.0146484375 0.74560546875 0.02392578125 0.10595703125