1 0.19873046875 0.0478515625 0.0791015625 0.0859375
1 0.2265625 0.32861328125 0.0693359375 0.14697265625
1 0.33544921875 0.52734375 0.10791015625 0.16064453125
1 0.5693359375 0.25537109375 0.0732421875 0.11181640625
1 0.90576171875 0.267578125 0.07666015625 0.1318359375
1 0.5556640625 0.76220703125 0.06689453125 0.125
1 0.68701171875 0.76806640625 0.060546875 0.10498046875
1 0.4306640625 0.78173828125 0.04833984375 0.10400390625
1 0.06103515625 0.51513671875 0.06689453125 0.1259765625
1 0.10302734375 0.6025390625 0.0830078125 0.12109375
1 0.29541015625 0.7919921875 0.0458984375 0.064453125
1 0.12548828125 0.69970703125 0.0546875 0.07470703125
1 0.0830078125 0.87109375 0.0458984375 0.083984375
1 0.34326171875 0.9072265625 0.0478515625 0.08251953125
1 0.560546875 0.95556640625 0.04736328125 0.0859375
1 0.203125 0.94091796875 0.041015625 0.09326171875
1 0.232421875 0.92333984375 0.0322265625 0.09521484375
1 0.12109375 0.96630859375 0.03369140625 0.06103515625
1 0.01953125 0.83984375 0.033203125 0.09521484375
1 0.0205078125 0.93212890625 0.02734375 0.0625
1 0.1484375 0.95458984375 0.03125 0.05126953125