1 0.25146484375 0.86279296875 0.03076171875 0.03759765625
1 0.25390625 0.93212890625 0.01904296875 0.068359375
1 0.31689453125 0.8525390625 0.02978515625 0.07373046875
1 0.34521484375 0.85595703125 0.02197265625 0.06591796875
1 0.38330078125 0.9345703125 0.033203125 0.0615234375
1 0.41259765625 0.9228515625 0.0224609375 0.0498046875
1 0.392578125 0.8564453125 0.02978515625 0.06103515625
1 0.41064453125 0.79150390625 0.029296875 0.0595703125
1 0.43408203125 0.80517578125 0.0302734375 0.06591796875
1 0.45361328125 0.7900390625 0.0302734375 0.060546875
1 0.45361328125 0.73583984375 0.03662109375 0.052734375
1 0.47705078125 0.869140625 0.029296875 0.05029296875
1 0.517578125 0.8427734375 0.02685546875 0.04296875
1 0.51953125 0.697265625 0.02880859375 0.04052734375
1 0.5234375 0.76416015625 0.02783203125 0.05029296875
1 0.544921875 0.7978515625 0.03125 0.076171875
1 0.56787109375 0.84033203125 0.02197265625 0.0546875
1 0.57373046875 0.9072265625 0.03515625 0.0615234375
1 0.5498046875 0.98046875 0.0224609375 0.03857421875
1 0.57421875 0.9755859375 0.0185546875 0.048828125
1 0.5751953125 0.6708984375 0.029296875 0.05126953125
1 0.58984375 0.767578125 0.02734375 0.06591796875
1 0.60595703125 0.8466796875 0.02490234375 0.041015625
1 0.62109375 0.89306640625 0.041015625 0.05712890625
1 0.654296875 0.87939453125 0.01416015625 0.0419921875
1 0.64990234375 0.6787109375 0.01904296875 0.04833984375
1 0.6552734375 0.74609375 0.02734375 0.052734375
1 0.6875 0.79345703125 0.02197265625 0.05322265625
1 0.68359375 0.70556640625 0.02197265625 0.0634765625
1 0.72705078125 0.6611328125 0.0302734375 0.0478515625
1 0.716796875 0.70703125 0.03076171875 0.0439453125
1 0.73046875 0.78466796875 0.02783203125 0.0390625
1 0.69873046875 0.771484375 0.01904296875 0.04541015625
1 0.7705078125 0.6416015625 0.029296875 0.046875
1 0.771484375 0.79296875 0.0322265625 0.0390625
1 0.80224609375 0.86083984375 0.02294921875 0.0400390625