2 0.119140625 0.09375 0.05517578125 0.0712890625
2 0.2724609375 0.08642578125 0.03955078125 0.03759765625
2 0.4697265625 0.0400390625 0.03515625 0.03759765625
2 0.66015625 0.0517578125 0.033203125 0.033203125
2 0.826171875 0.02734375 0.04296875 0.0478515625
2 0.80712890625 0.4150390625 0.03076171875 0.046875
2 0.482421875 0.45068359375 0.02978515625 0.03466796875
2 0.31689453125 0.484375 0.0400390625 0.05615234375
2 0.48828125 0.54150390625 0.0390625 0.04541015625
2 0.3486328125 0.55615234375 0.0400390625 0.05029296875
2 0.138671875 0.5654296875 0.0322265625 0.0419921875
2 0.6484375 0.51708984375 0.02685546875 0.03125
2 0.791015625 0.71435546875 0.0146484375 0.04443359375
2 0.25048828125 0.70703125 0.0107421875 0.02880859375
2 0.3720703125 0.71337890625 0.02783203125 0.04638671875
2 0.49951171875 0.69775390625 0.04248046875 0.02880859375
2 0.61328125 0.6953125 0.02490234375 0.03369140625