2 0.6455078125 0.3525390625 0.03125 0.0400390625
2 0.9697265625 0.3837890625 0.03564453125 0.037109375
2 0.89892578125 0.50439453125 0.02978515625 0.03271484375
2 0.6142578125 0.55322265625 0.02197265625 0.03173828125
2 0.787109375 0.63330078125 0.01806640625 0.02880859375
2 0.30859375 0.4365234375 0.03076171875 0.0380859375
2 0.177734375 0.51611328125 0.02490234375 0.0302734375
2 0.05712890625 0.572265625 0.02099609375 0.02978515625
2 0.3486328125 0.529296875 0.01513671875 0.02490234375
2 0.58935546875 0.6240234375 0.017578125 0.02783203125
2 0.02490234375 0.2392578125 0.0390625 0.0517578125