2 0.59765625 0.30810546875 0.03125 0.0400390625
2 0.908203125 0.31005859375 0.03564453125 0.037109375
2 0.83544921875 0.439453125 0.02978515625 0.03271484375
2 0.55908203125 0.49609375 0.02197265625 0.03173828125
2 0.7236328125 0.56103515625 0.01806640625 0.02880859375
2 0.2451171875 0.39013671875 0.03076171875 0.0380859375
2 0.10791015625 0.490234375 0.02490234375 0.0302734375
2 0.2861328125 0.4853515625 0.02099609375 0.02978515625
2 0.34814453125 0.54638671875 0.01513671875 0.02490234375
2 0.5322265625 0.572265625 0.017578125 0.02783203125
2 0.1650390625 0.55517578125 0.01708984375 0.02294921875