2 0.1162109375 0.0234375 0.05419921875 0.046875
2 0.36669921875 0.10107421875 0.04736328125 0.05322265625
2 0.6259765625 0.0234375 0.05078125 0.046875
2 0.12109375 0.5263671875 0.02783203125 0.03857421875
2 0.28125 0.48388671875 0.02587890625 0.0458984375
2 0.44677734375 0.48193359375 0.04345703125 0.03173828125
2 0.60302734375 0.484375 0.0283203125 0.04150390625
2 0.78125 0.482421875 0.02587890625 0.03369140625
2 0.90625 0.623046875 0.0361328125 0.064453125
2 0.6220703125 0.6474609375 0.04541015625 0.0439453125
2 0.501953125 0.6875 0.0380859375 0.046875
2 0.365234375 0.7001953125 0.03564453125 0.03515625
2 0.1982421875 0.70703125 0.0283203125 0.044921875
2 0.31787109375 0.86181640625 0.0263671875 0.05078125
2 0.18505859375 0.86962890625 0.02099609375 0.02978515625
2 0.01171875 0.66748046875 0.0234375 0.0400390625
2 0.48876953125 0.875 0.02001953125 0.02880859375
2 0.6005859375 0.87060546875 0.02880859375 0.04248046875
2 0.765625 0.69189453125 0.021484375 0.0478515625
2 0.7373046875 0.88330078125 0.02099609375 0.03515625
2 0.2568359375 0.703125 0.029296875 0.02978515625