2 0.19775390625 0.529296875 0.0390625 0.04150390625
2 0.06494140625 0.59912109375 0.0234375 0.029296875
2 0.12451171875 0.59619140625 0.0185546875 0.0234375
2 0.24951171875 0.60009765625 0.0205078125 0.0244140625
2 0.5595703125 0.51416015625 0.041015625 0.03369140625
2 0.87353515625 0.43359375 0.0380859375 0.0419921875
2 0.8095703125 0.6044921875 0.03857421875 0.03271484375
2 0.314453125 0.6171875 0.02392578125 0.02978515625
2 0.36376953125 0.634765625 0.02587890625 0.021484375
2 0.353515625 0.69482421875 0.02880859375 0.025390625
2 0.4951171875 0.599609375 0.025390625 0.03076171875
2 0.4765625 0.65966796875 0.01953125 0.03515625
2 0.17333984375 0.64794921875 0.02099609375 0.02978515625
2 0.21435546875 0.6806640625 0.017578125 0.015625
2 0.69091796875 0.62646484375 0.01904296875 0.0263671875
2 0.0830078125 0.70166015625 0.01708984375 0.02880859375
2 0.48583984375 0.7021484375 0.017578125 0.025390625