2 0.17578125 0.1923828125 0.064453125 0.07373046875
2 0.4345703125 0.3232421875 0.05322265625 0.052734375
2 0.7099609375 0.15234375 0.0546875 0.05810546875
2 0.12646484375 0.50390625 0.04443359375 0.06201171875
2 0.30517578125 0.552734375 0.0576171875 0.05322265625
2 0.46337890625 0.5234375 0.05615234375 0.0556640625
2 0.71630859375 0.4609375 0.0625 0.05078125
2 0.98046875 0.34423828125 0.03857421875 0.0625
2 0.203125 0.69189453125 0.02587890625 0.05908203125
2 0.3603515625 0.6640625 0.0302734375 0.044921875
2 0.51708984375 0.625 0.03125 0.041015625
2 0.7001953125 0.6328125 0.05078125 0.06591796875
2 0.8828125 0.60107421875 0.0380859375 0.052734375
2 0.28076171875 0.779296875 0.03759765625 0.03955078125
2 0.33349609375 0.82666015625 0.0361328125 0.04541015625
2 0.41064453125 0.7421875 0.03857421875 0.04443359375
2 0.45166015625 0.82958984375 0.0419921875 0.03125
2 0.58349609375 0.7265625 0.03662109375 0.04736328125
2 0.59521484375 0.82958984375 0.03466796875 0.0498046875
2 0.6943359375 0.73046875 0.02880859375 0.0400390625
2 0.71484375 0.82568359375 0.03466796875 0.0302734375
2 0.8251953125 0.728515625 0.0634765625 0.04345703125
2 0.86572265625 0.8076171875 0.05517578125 0.0244140625