2 0.10693359375 0.0556640625 0.0439453125 0.0546875
2 0.26416015625 0.033203125 0.03515625 0.05517578125
2 0.4736328125 0.3349609375 0.02490234375 0.06689453125
2 0.80029296875 0.42822265625 0.04248046875 0.05419921875
2 0.64599609375 0.52490234375 0.02587890625 0.03466796875
2 0.48828125 0.51171875 0.0205078125 0.0458984375
2 0.138671875 0.54248046875 0.04296875 0.078125
2 0.31103515625 0.552734375 0.02734375 0.048828125
2 0.35205078125 0.51416015625 0.0302734375 0.06982421875
2 0.36767578125 0.67138671875 0.0322265625 0.04541015625
2 0.490234375 0.66162109375 0.02685546875 0.03515625
2 0.6064453125 0.63916015625 0.01953125 0.02783203125
2 0.45849609375 0.02099609375 0.078125 0.0419921875
2 0.662109375 0.03125 0.0234375 0.0625
2 0.61474609375 0.48388671875 0.0234375 0.0458984375