2 0.255859375 0.18505859375 0.052734375 0.05908203125
2 0.46240234375 0.1689453125 0.03662109375 0.05029296875
2 0.07275390625 0.26953125 0.033203125 0.05224609375
2 0.12939453125 0.31591796875 0.03857421875 0.0546875
2 0.19091796875 0.5185546875 0.03271484375 0.0419921875
2 0.30859375 0.32763671875 0.02880859375 0.0673828125
2 0.34130859375 0.4990234375 0.03955078125 0.0400390625
2 0.47412109375 0.2939453125 0.03662109375 0.0517578125
2 0.474609375 0.4921875 0.03076171875 0.048828125
2 0.6083984375 0.4638671875 0.0341796875 0.0732421875
2 0.671875 0.1572265625 0.041015625 0.04443359375
2 0.63623046875 0.31005859375 0.03271484375 0.0498046875
2 0.79052734375 0.2109375 0.046875 0.041015625
2 0.84912109375 0.1513671875 0.046875 0.04052734375
2 0.77197265625 0.482421875 0.017578125 0.05224609375