2 0.04248046875 0.39306640625 0.04296875 0.03955078125
2 0.19921875 0.3330078125 0.05126953125 0.06298828125
2 0.54833984375 0.32373046875 0.048828125 0.07763671875
2 0.84814453125 0.435546875 0.060546875 0.05029296875
2 0.77197265625 0.5283203125 0.0361328125 0.0419921875
2 0.23974609375 0.4345703125 0.046875 0.04443359375
2 0.10888671875 0.482421875 0.0400390625 0.056640625
2 0.01171875 0.53369140625 0.0234375 0.0341796875
2 0.0693359375 0.54638671875 0.02880859375 0.05029296875
2 0.15966796875 0.537109375 0.05126953125 0.0361328125
2 0.4990234375 0.53125 0.05517578125 0.0478515625
2 0.29296875 0.521484375 0.02783203125 0.05615234375
2 0.34326171875 0.57861328125 0.03173828125 0.02685546875
2 0.65673828125 0.6318359375 0.037109375 0.03564453125
2 0.46337890625 0.58154296875 0.02490234375 0.0283203125