2 0.3974609375 0.12109375 0.03125 0.0458984375
2 0.14599609375 0.06201171875 0.0244140625 0.0537109375
2 0.32861328125 0.52490234375 0.02587890625 0.05322265625
2 0.06005859375 0.716796875 0.03173828125 0.04638671875
2 0.48876953125 0.47412109375 0.0322265625 0.0693359375
2 0.95361328125 0.56396484375 0.0478515625 0.041015625
2 0.4140625 0.712890625 0.0234375 0.0400390625
2 0.251953125 0.73779296875 0.02001953125 0.03466796875
2 0.36962890625 0.89111328125 0.02392578125 0.03466796875
2 0.67431640625 0.6337890625 0.015625 0.03515625
2 0.81103515625 0.873046875 0.025390625 0.0380859375
2 0.5478515625 0.8720703125 0.0205078125 0.05078125
2 0.65576171875 0.8642578125 0.02490234375 0.02587890625
2 0.24365234375 0.8896484375 0.02294921875 0.03466796875
2 0.30029296875 0.72802734375 0.02783203125 0.03173828125
2 0.83056640625 0.4443359375 0.02978515625 0.04052734375
2 0.6533203125 0.4638671875 0.04052734375 0.060546875
2 0.54736328125 0.68115234375 0.03759765625 0.05126953125
2 0.17529296875 0.56396484375 0.02392578125 0.052734375
2 0.81640625 0.64306640625 0.02294921875 0.03515625