0 0.12451171875 0.38232421875 0.056640625 0.04638671875
0 0.23388671875 0.39599609375 0.0546875 0.04931640625
0 0.35107421875 0.396484375 0.0537109375 0.0517578125
0 0.30419921875 0.48193359375 0.05126953125 0.04736328125
0 0.259765625 0.54541015625 0.05078125 0.0390625
0 0.224609375 0.6201171875 0.0478515625 0.05322265625
0 0.1884765625 0.6923828125 0.0537109375 0.04931640625
0 0.71826171875 0.35546875 0.05029296875 0.05615234375
0 0.61474609375 0.435546875 0.05126953125 0.0546875
0 0.6240234375 0.5625 0.05712890625 0.04931640625
0 0.64111328125 0.66015625 0.0517578125 0.046875
0 0.75634765625 0.74609375 0.052734375 0.04150390625
0 0.85986328125 0.55322265625 0.05419921875 0.0458984375
0 0.87109375 0.6513671875 0.05517578125 0.04931640625
0 0.85498046875 0.421875 0.05615234375 0.04931640625