0 0.23681640625 0.43505859375 0.04443359375 0.0576171875
0 0.29296875 0.42236328125 0.041015625 0.0537109375
0 0.36572265625 0.38525390625 0.044921875 0.056640625
0 0.3564453125 0.4912109375 0.04248046875 0.04931640625
0 0.34912109375 0.57275390625 0.0400390625 0.0556640625
0 0.34375 0.64501953125 0.04443359375 0.04248046875
0 0.34326171875 0.734375 0.04052734375 0.05419921875
0 0.5224609375 0.3916015625 0.04150390625 0.05078125
0 0.54052734375 0.4951171875 0.0458984375 0.04833984375
0 0.56494140625 0.591796875 0.0361328125 0.04736328125
0 0.5693359375 0.291015625 0.04443359375 0.06640625
0 0.66064453125 0.359375 0.04345703125 0.06640625
0 0.67431640625 0.4697265625 0.041015625 0.0625
0 0.69482421875 0.56298828125 0.0458984375 0.06640625
0 0.646484375 0.64599609375 0.03955078125 0.0478515625