0 0.18994140625 0.484375 0.056640625 0.04638671875
0 0.2919921875 0.49951171875 0.0546875 0.04931640625
0 0.40087890625 0.49853515625 0.0537109375 0.0517578125
0 0.359375 0.57275390625 0.05126953125 0.04736328125
0 0.31982421875 0.63818359375 0.05078125 0.0390625
0 0.28173828125 0.705078125 0.0478515625 0.05322265625
0 0.24560546875 0.77734375 0.0537109375 0.04931640625
0 0.740234375 0.46826171875 0.05029296875 0.05615234375
0 0.640625 0.5302734375 0.05126953125 0.0546875
0 0.6513671875 0.62939453125 0.05712890625 0.04931640625
0 0.6640625 0.7138671875 0.0517578125 0.046875
0 0.77001953125 0.81298828125 0.052734375 0.04150390625
0 0.86328125 0.53271484375 0.05419921875 0.0458984375
0 0.869140625 0.638671875 0.05517578125 0.04931640625
0 0.87451171875 0.73095703125 0.05615234375 0.04931640625