0 0.17578125 0.4892578125 0.04931640625 0.06103515625
0 0.240234375 0.48779296875 0.0419921875 0.05322265625
0 0.318359375 0.45361328125 0.041015625 0.056640625
0 0.30859375 0.5634765625 0.04638671875 0.06103515625
0 0.29345703125 0.634765625 0.04736328125 0.0556640625
0 0.28125 0.7080078125 0.04345703125 0.0537109375
0 0.27392578125 0.8076171875 0.04248046875 0.0498046875
0 0.4970703125 0.4638671875 0.04296875 0.060546875
0 0.51123046875 0.57080078125 0.05029296875 0.07177734375
0 0.55419921875 0.37548828125 0.0615234375 0.07421875
0 0.6484375 0.4462890625 0.05419921875 0.0625
0 0.66162109375 0.560546875 0.0546875 0.078125
0 0.6748046875 0.66552734375 0.0390625 0.056640625
0 0.61572265625 0.7333984375 0.04638671875 0.05810546875
0 0.533203125 0.68212890625 0.04296875 0.048828125