0 0.39892578125 0.34423828125 0.03662109375 0.048828125
0 0.30810546875 0.37255859375 0.03759765625 0.04443359375
0 0.2861328125 0.40234375 0.03759765625 0.0400390625
0 0.26416015625 0.4384765625 0.033203125 0.04248046875
0 0.30908203125 0.50732421875 0.02685546875 0.037109375
0 0.44384765625 0.4208984375 0.0361328125 0.04443359375
0 0.4111328125 0.45556640625 0.03515625 0.04443359375
0 0.384765625 0.4951171875 0.03759765625 0.0400390625
0 0.48095703125 0.60302734375 0.037109375 0.04296875
0 0.54150390625 0.578125 0.03515625 0.04833984375
0 0.6005859375 0.55322265625 0.03125 0.04541015625
0 0.65478515625 0.5263671875 0.0380859375 0.0517578125
0 0.7216796875 0.48046875 0.04150390625 0.06201171875
0 0.53857421875 0.6318359375 0.0322265625 0.04052734375
0 0.595703125 0.6494140625 0.02880859375 0.04296875