0 0.41455078125 0.552734375 0.02490234375 0.02001953125
0 0.47412109375 0.548828125 0.0302734375 0.02783203125
0 0.44921875 0.5869140625 0.025390625 0.0263671875
0 0.71240234375 0.55810546875 0.029296875 0.02734375
0 0.712890625 0.61328125 0.02880859375 0.02392578125
0 0.716796875 0.65966796875 0.03125 0.02734375
0 0.6591796875 0.6943359375 0.03271484375 0.03466796875
0 0.64599609375 0.5244140625 0.03369140625 0.02978515625
0 0.59912109375 0.552734375 0.029296875 0.02880859375
0 0.60009765625 0.60009765625 0.02978515625 0.029296875
0 0.60498046875 0.6591796875 0.03369140625 0.02587890625