0 0.27099609375 0.4345703125 0.04296875 0.04638671875
0 0.3203125 0.40625 0.0400390625 0.05126953125
0 0.38330078125 0.361328125 0.0537109375 0.0517578125
0 0.39208984375 0.478515625 0.03564453125 0.04736328125
0 0.39208984375 0.56689453125 0.04052734375 0.044921875
0 0.39404296875 0.64501953125 0.0361328125 0.04736328125
0 0.4052734375 0.7294921875 0.0537109375 0.04931640625
0 0.572265625 0.23486328125 0.05029296875 0.05615234375
0 0.5458984375 0.34521484375 0.05126953125 0.0546875
0 0.568359375 0.44775390625 0.0458984375 0.04931640625
0 0.59912109375 0.548828125 0.04052734375 0.046875
0 0.68359375 0.60009765625 0.052734375 0.04150390625
0 0.69580078125 0.40234375 0.04443359375 0.0478515625
0 0.716796875 0.50341796875 0.05517578125 0.04931640625
0 0.669921875 0.29052734375 0.048828125 0.04931640625