0 0.25 0.44677734375 0.03857421875 0.0458984375
0 0.3369140625 0.46630859375 0.05078125 0.0478515625
0 0.42138671875 0.44775390625 0.05029296875 0.0478515625
0 0.3935546875 0.5107421875 0.0576171875 0.0439453125
0 0.35888671875 0.576171875 0.06298828125 0.05419921875
0 0.3203125 0.6328125 0.04150390625 0.0517578125
0 0.287109375 0.68603515625 0.03759765625 0.0419921875
0 0.61865234375 0.474609375 0.04345703125 0.0498046875
0 0.701171875 0.43212890625 0.052734375 0.05322265625
0 0.806640625 0.4873046875 0.05517578125 0.04296875
0 0.806640625 0.5712890625 0.05517578125 0.048828125
0 0.8125 0.6513671875 0.048828125 0.04736328125
0 0.7216796875 0.705078125 0.04736328125 0.0439453125
0 0.63427734375 0.63427734375 0.0517578125 0.0595703125
0 0.62841796875 0.5400390625 0.044921875 0.03759765625