0 0.24658203125 0.48388671875 0.0537109375 0.03173828125
0 0.29052734375 0.453125 0.0478515625 0.056640625
0 0.3427734375 0.484375 0.04150390625 0.04541015625
0 0.38232421875 0.47998046875 0.0361328125 0.06201171875
0 0.359375 0.462890625 0.0361328125 0.0390625
0 0.1484375 0.46337890625 0.03271484375 0.0283203125
0 0.181640625 0.4755859375 0.02978515625 0.0556640625
0 0.53173828125 0.53955078125 0.04931640625 0.06298828125
0 0.6103515625 0.529296875 0.056640625 0.048828125
0 0.63330078125 0.5771484375 0.04296875 0.05615234375
0 0.72607421875 0.5634765625 0.048828125 0.05224609375
0 0.6630859375 0.509765625 0.041015625 0.05908203125
0 0.73486328125 0.4912109375 0.0458984375 0.05615234375
0 0.81103515625 0.4482421875 0.04541015625 0.05078125
0 0.18310546875 0.65087890625 0.03271484375 0.0234375
0 0.24658203125 0.61376953125 0.0224609375 0.03271484375
0 0.220703125 0.62646484375 0.0244140625 0.0205078125
0 0.30908203125 0.5712890625 0.01708984375 0.02734375
0 0.27783203125 0.5966796875 0.0205078125 0.03564453125
0 0.3515625 0.58984375 0.02001953125 0.0341796875
0 0.3984375 0.60986328125 0.02197265625 0.03369140625
0 0.43603515625 0.63232421875 0.021484375 0.0263671875
0 0.47412109375 0.65283203125 0.01513671875 0.0244140625